#residue to residue contact propensity according to secondary structure
Secondary structure: H2H
  A        R        N        D        C        E        Q        G        H        I        L        K        M        F        P        S        T        W        Y        V        
A 0.515851 0.339493 0.366140 0.313353 0.575455 0.307794 0.337258 0.500469 0.431374 0.549154 0.554955 0.297201 0.521959 0.532718 0.367623 0.435309 0.454814 0.446567 0.490037 0.532616 
R 0.332834 0.129950 0.244910 0.380365 0.399011 0.352433 0.206977 0.318467 0.326356 0.386662 0.393142 0.095024 0.361553 0.410458 0.238926 0.325507 0.356082 0.405945 0.398852 0.354685 
N 0.330773 0.309796 0.336676 0.240110 0.431530 0.207471 0.269733 0.323722 0.339372 0.329926 0.319432 0.160920 0.367613 0.365457 0.340486 0.364599 0.321785 0.339330 0.291948 0.327417 
D 0.281107 0.377203 0.293863 0.114862 0.303472 0.092509 0.186842 0.269695 0.353289 0.253611 0.235202 0.282309 0.222654 0.266610 0.278474 0.302259 0.273318 0.276691 0.274975 0.253234 
C 0.548672 0.413519 0.431329 0.194357 0.811939 0.337211 0.416363 0.557976 0.399202 0.623861 0.612270 0.315737 0.619873 0.621817 0.450603 0.493101 0.475899 0.595530 0.604090 0.585251 
E 0.295298 0.312708 0.214346 0.054146 0.363915 0.066908 0.201016 0.244883 0.350083 0.326997 0.323652 0.271700 0.270453 0.316199 0.270759 0.275392 0.243186 0.277188 0.313822 0.296825 
Q 0.374079 0.232907 0.245559 0.204615 0.386829 0.168820 0.239151 0.315004 0.342232 0.366905 0.353114 0.169910 0.433287 0.399827 0.289333 0.329360 0.323857 0.351796 0.339514 0.331819 
G 0.506473 0.310547 0.430812 0.295741 0.521006 0.246270 0.373934 0.586755 0.473828 0.486019 0.460744 0.232544 0.461877 0.507724 0.416181 0.477491 0.460801 0.497141 0.499765 0.478893 
H 0.448511 0.333173 0.341565 0.402736 0.492734 0.328134 0.308866 0.439661 0.517917 0.418065 0.416330 0.190002 0.476756 0.425303 0.350992 0.418125 0.377115 0.425130 0.463699 0.395575 
I 0.547205 0.384409 0.366536 0.254233 0.632254 0.311477 0.370331 0.462365 0.435529 0.641218 0.644886 0.336790 0.568329 0.577549 0.378095 0.439210 0.504005 0.507320 0.553192 0.609016 
L 0.541519 0.378679 0.366955 0.280442 0.613789 0.314053 0.376299 0.449492 0.435838 0.640870 0.637176 0.334902 0.577718 0.561089 0.394968 0.424119 0.494256 0.510636 0.558156 0.616917 
K 0.332792 0.038130 0.214519 0.321678 0.320961 0.312216 0.218868 0.237542 0.250302 0.324418 0.368864 0.000000 0.309267 0.335068 0.219408 0.255351 0.281222 0.363642 0.320005 0.314463 
M 0.509285 0.357602 0.373760 0.287246 0.593401 0.244269 0.402975 0.488938 0.458082 0.570300 0.585496 0.307055 0.553067 0.554796 0.403976 0.411474 0.465124 0.536006 0.565585 0.561333 
F 0.535650 0.385938 0.392074 0.282964 0.601770 0.305900 0.392485 0.488040 0.475005 0.559164 0.572742 0.304951 0.559404 0.583149 0.356682 0.444553 0.424514 0.512102 0.561913 0.535248 
P 0.418165 0.343445 0.377151 0.348272 0.526244 0.379840 0.330745 0.410725 0.409832 0.459930 0.439009 0.264073 0.495675 0.478373 0.340694 0.378500 0.398693 0.499720 0.487115 0.421700 
S 0.439244 0.310897 0.380424 0.337660 0.541444 0.285510 0.311300 0.482442 0.484318 0.424749 0.431793 0.289030 0.455770 0.453836 0.365168 0.376164 0.432146 0.410555 0.446039 0.399087 
T 0.461505 0.296451 0.388849 0.235575 0.497932 0.276855 0.387460 0.443155 0.452705 0.482200 0.491361 0.230429 0.501704 0.467362 0.359749 0.390845 0.445963 0.415873 0.446181 0.490064 
W 0.470701 0.400711 0.339185 0.238859 0.444115 0.305201 0.370890 0.419477 0.454271 0.478477 0.481219 0.335984 0.506787 0.583826 0.423112 0.400800 0.442757 0.464443 0.512200 0.502002 
Y 0.519971 0.374876 0.346927 0.249768 0.575697 0.298459 0.354488 0.455762 0.423007 0.546475 0.542077 0.295721 0.524378 0.543136 0.379889 0.371223 0.431525 0.486489 0.519436 0.516474 
V 0.556295 0.349400 0.363332 0.270099 0.611375 0.305105 0.351074 0.500912 0.474359 0.623675 0.633789 0.303157 0.586508 0.557581 0.391102 0.426647 0.483336 0.509067 0.532308 0.598230 
Secondary structure: H2E
  A        R        N        D        C        E        Q        G        H        I        L        K        M        F        P        S        T        W        Y        V        
A 0.556434 0.319525 0.387387 0.307341 0.486866 0.265689 0.332178 0.467627 0.385538 0.548895 0.533570 0.297181 0.483349 0.539648 0.422409 0.385864 0.411147 0.500543 0.462291 0.562615 
R 0.350603 0.126879 0.123995 0.274362 0.312696 0.308570 0.117885 0.254756 0.254333 0.305678 0.317351 0.092390 0.234154 0.346305 0.331455 0.186157 0.222996 0.439110 0.297723 0.293111 
N 0.415888 0.205688 0.217296 0.268431 0.337106 0.241164 0.223108 0.352539 0.376170 0.298903 0.325486 0.307563 0.376186 0.361359 0.371896 0.299454 0.313675 0.320689 0.319936 0.315399 
D 0.249448 0.321539 0.267698 0.104595 0.335578 0.070030 0.004988 0.248967 0.321949 0.228650 0.156801 0.373709 0.304868 0.248566 0.291566 0.253146 0.263747 0.326533 0.234730 0.226889 
C 0.671589 0.453350 0.562416 0.444029 0.894289 0.422626 0.363194 0.534999 0.699890 0.668268 0.613113 0.324330 0.614491 0.647990 0.541988 0.607221 0.537723 0.547738 0.637219 0.618369 
E 0.259885 0.222724 0.172249 0.059980 0.310094 0.021062 0.069061 0.195230 0.137286 0.240164 0.266152 0.271864 0.209547 0.290674 0.192703 0.235829 0.192732 0.196856 0.154912 0.252668 
Q 0.349862 0.071734 0.306031 0.147022 0.374748 0.155415 0.171323 0.288422 0.271678 0.333348 0.362367 0.188894 0.324668 0.376105 0.372086 0.238959 0.228640 0.360398 0.317106 0.327498 
G 0.509961 0.289207 0.454141 0.453334 0.549344 0.273281 0.332823 0.571494 0.462520 0.453908 0.434454 0.309418 0.498306 0.508408 0.403905 0.493383 0.403613 0.478672 0.397647 0.454596 
H 0.404429 0.294968 0.368321 0.384704 0.488268 0.319004 0.156120 0.468544 0.327314 0.393151 0.390511 0.226276 0.297205 0.475918 0.496514 0.433655 0.389987 0.448433 0.424156 0.312424 
I 0.585847 0.328520 0.334018 0.352444 0.558880 0.278965 0.288496 0.444383 0.361489 0.672969 0.636957 0.284648 0.556671 0.604729 0.492777 0.426164 0.413518 0.530714 0.527109 0.614430 
L 0.581270 0.355552 0.316974 0.295004 0.550497 0.283809 0.344972 0.444014 0.372519 0.642668 0.626078 0.306056 0.563922 0.575356 0.478715 0.399904 0.417182 0.554191 0.541624 0.622450 
K 0.272989 0.146592 0.245562 0.297420 0.238784 0.227314 0.191808 0.153046 0.194043 0.276129 0.289951 0.065159 0.242072 0.309229 0.250612 0.217052 0.194350 0.358632 0.348105 0.222224 
M 0.577488 0.313713 0.442696 0.336082 0.525563 0.285932 0.288737 0.551578 0.409499 0.578795 0.575027 0.369812 0.572761 0.575909 0.451146 0.471655 0.421239 0.324136 0.536939 0.589379 
F 0.573495 0.340291 0.442392 0.207963 0.584243 0.298597 0.385086 0.476563 0.499853 0.587682 0.585748 0.242870 0.525138 0.544826 0.473178 0.413967 0.385178 0.544845 0.543654 0.502854 
P 0.384434 0.109679 0.450671 0.295712 0.492821 0.184038 0.297866 0.470624 0.323376 0.376960 0.439712 0.221646 0.484121 0.414323 0.343292 0.381685 0.406170 0.538610 0.446323 0.319942 
S 0.437989 0.240591 0.411788 0.413427 0.392680 0.341137 0.318435 0.448560 0.275332 0.422987 0.380632 0.339367 0.410929 0.447802 0.393802 0.422346 0.367581 0.297380 0.385110 0.404794 
T 0.463277 0.310852 0.453056 0.310070 0.470726 0.304762 0.347614 0.497922 0.393858 0.511430 0.467906 0.330355 0.375098 0.480489 0.453141 0.445909 0.387748 0.464409 0.375682 0.488009 
W 0.465520 0.436650 0.454725 0.408514 0.308585 0.322664 0.204210 0.433612 0.443310 0.465321 0.453019 0.351144 0.469805 0.479606 0.528050 0.256752 0.431777 0.567276 0.399853 0.418903 
Y 0.505029 0.342485 0.156379 0.262087 0.409804 0.222542 0.328597 0.351845 0.357431 0.496702 0.474408 0.119090 0.467040 0.468969 0.457998 0.272655 0.354357 0.345615 0.410521 0.484124 
V 0.585741 0.320726 0.399066 0.366774 0.514690 0.348154 0.308451 0.500135 0.459541 0.647217 0.643382 0.336745 0.553719 0.588296 0.464469 0.409122 0.448416 0.510855 0.536946 0.599325 
Secondary structure: H2C
  A        R        N        D        C        E        Q        G        H        I        L        K        M        F        P        S        T        W        Y        V        
A 0.492423 0.346976 0.372519 0.316563 0.486996 0.306835 0.318018 0.402719 0.452686 0.550623 0.565133 0.319312 0.521129 0.543032 0.438990 0.381463 0.385946 0.498334 0.484352 0.533534 
R 0.432607 0.328491 0.367506 0.421669 0.506983 0.421430 0.349686 0.427296 0.395124 0.493746 0.519660 0.267409 0.464374 0.505548 0.389701 0.395894 0.389833 0.481538 0.510044 0.465527 
N 0.437855 0.388146 0.415338 0.356007 0.509524 0.339165 0.327264 0.402785 0.467599 0.514035 0.469605 0.356215 0.441457 0.504042 0.435292 0.431726 0.452429 0.463062 0.453088 0.467390 
D 0.386247 0.417013 0.356134 0.260067 0.444764 0.240812 0.329705 0.319410 0.485615 0.377053 0.386648 0.430481 0.369482 0.379428 0.367951 0.435885 0.359008 0.434784 0.395801 0.348202 
C 0.529075 0.421463 0.404210 0.391295 0.881966 0.278599 0.498655 0.475033 0.602238 0.535845 0.640095 0.320011 0.473265 0.629573 0.590520 0.531916 0.444177 0.580840 0.591635 0.578651 
E 0.337152 0.319342 0.337508 0.211998 0.299545 0.155683 0.299810 0.266412 0.414057 0.360923 0.414139 0.345090 0.361216 0.410679 0.359481 0.360331 0.335859 0.366957 0.362445 0.364258 
Q 0.394942 0.313347 0.372962 0.332098 0.498609 0.240755 0.347288 0.367059 0.341690 0.498218 0.502668 0.306184 0.446973 0.467122 0.415048 0.381782 0.368163 0.431803 0.406707 0.481152 
G 0.491792 0.393844 0.377955 0.363821 0.577663 0.360428 0.392657 0.453917 0.505522 0.501187 0.512745 0.294332 0.451730 0.547485 0.435360 0.422059 0.449880 0.506083 0.493664 0.499191 
H 0.497778 0.435058 0.403754 0.437965 0.533571 0.390376 0.389696 0.419958 0.564075 0.557145 0.532335 0.388472 0.523360 0.552682 0.412426 0.483127 0.475217 0.481245 0.542361 0.530900 
I 0.507133 0.394533 0.368820 0.279229 0.563921 0.294007 0.356459 0.384832 0.466899 0.638037 0.653043 0.313608 0.540710 0.569595 0.449573 0.393361 0.417622 0.540121 0.558411 0.601111 
L 0.473928 0.363659 0.326173 0.266425 0.545614 0.277089 0.324627 0.356326 0.441490 0.622862 0.622660 0.300900 0.523655 0.571073 0.453039 0.356661 0.376283 0.513406 0.530929 0.587013 
K 0.409503 0.189500 0.291823 0.383649 0.467095 0.407764 0.262055 0.393145 0.333817 0.463765 0.485373 0.207698 0.409698 0.442987 0.363842 0.350403 0.302282 0.441964 0.442114 0.434922 
M 0.493206 0.390104 0.397618 0.303858 0.544282 0.264534 0.315530 0.393676 0.399542 0.575909 0.533672 0.280887 0.576446 0.560333 0.445589 0.370585 0.370792 0.514828 0.547325 0.553170 
F 0.470630 0.391335 0.358932 0.330685 0.538009 0.327526 0.325443 0.387416 0.454035 0.544210 0.583422 0.287148 0.523235 0.578231 0.484307 0.398751 0.404103 0.578521 0.525101 0.533539 
P 0.495454 0.443971 0.431211 0.436158 0.534459 0.435959 0.416689 0.480391 0.520214 0.531770 0.522682 0.380038 0.434319 0.567291 0.486464 0.479342 0.434454 0.569345 0.576035 0.520325 
S 0.474090 0.465661 0.415716 0.416022 0.540105 0.365253 0.423402 0.442254 0.537836 0.489039 0.509320 0.374789 0.486801 0.504485 0.437817 0.443582 0.434313 0.498673 0.494128 0.516029 
T 0.488619 0.377113 0.364972 0.387450 0.509626 0.337100 0.362948 0.450834 0.414364 0.508043 0.550634 0.324989 0.469735 0.494075 0.451404 0.407242 0.411030 0.495456 0.468700 0.506542 
W 0.425289 0.364799 0.240393 0.381256 0.564532 0.305113 0.266394 0.339931 0.523903 0.571077 0.566005 0.309106 0.540276 0.580563 0.523633 0.400640 0.415537 0.472696 0.522530 0.505653 
Y 0.495090 0.424788 0.306073 0.332118 0.576021 0.311524 0.368365 0.402808 0.462241 0.573636 0.536632 0.346141 0.529584 0.572618 0.506463 0.402573 0.375464 0.458994 0.533752 0.531484 
V 0.505518 0.349490 0.341909 0.318414 0.530741 0.342298 0.305854 0.411408 0.445591 0.629292 0.644485 0.325439 0.569288 0.563642 0.449319 0.395151 0.401819 0.496479 0.523228 0.592602 
Secondary structure: E2H
  A        R        N        D        C        E        Q        G        H        I        L        K        M        F        P        S        T        W        Y        V        
A 0.567584 0.340196 0.338715 0.258762 0.645927 0.293342 0.378238 0.505482 0.506049 0.617644 0.591551 0.323622 0.601526 0.579744 0.397638 0.432911 0.504751 0.551707 0.477487 0.585335 
R 0.293983 0.126858 0.230100 0.299889 0.392607 0.196162 0.170195 0.310564 0.326552 0.318559 0.342173 0.041301 0.343147 0.391420 0.179550 0.244589 0.354692 0.414516 0.325510 0.282530 
N 0.308569 0.193497 0.294575 0.242141 0.526880 0.198149 0.198816 0.344863 0.465789 0.317422 0.308867 0.159758 0.433901 0.367639 0.338851 0.334609 0.435373 0.230987 0.359666 0.354266 
D 0.334149 0.324141 0.279884 0.301212 0.401757 0.051644 0.144206 0.331599 0.399173 0.305704 0.277798 0.279618 0.389416 0.286343 0.306686 0.305485 0.330546 0.284175 0.253736 0.282224 
C 0.545966 0.376714 0.327042 0.127527 0.799488 0.198650 0.331179 0.485376 0.435050 0.567783 0.592603 0.334899 0.512077 0.575514 0.448844 0.438754 0.448871 0.414220 0.406825 0.546030 
E 0.284191 0.244014 0.197069 0.135065 0.295237 0.017204 0.161254 0.208291 0.289843 0.186902 0.193961 0.175462 0.259957 0.227640 0.169625 0.254789 0.303140 0.130316 0.185257 0.247358 
Q 0.321860 0.224683 0.271139 0.202480 0.422818 0.022496 0.165802 0.295004 0.262680 0.385385 0.293304 0.151289 0.293628 0.398877 0.245066 0.330902 0.271652 0.402079 0.239007 0.366558 
G 0.513733 0.271113 0.354902 0.305630 0.608264 0.174855 0.299908 0.427658 0.411264 0.454975 0.450353 0.215161 0.483160 0.527787 0.357651 0.420211 0.367578 0.467519 0.439838 0.495975 
H 0.378320 0.219553 0.401580 0.181067 0.461475 0.241676 0.189139 0.396445 0.356913 0.416408 0.360959 0.097695 0.392478 0.433078 0.262185 0.358369 0.426310 0.358925 0.384657 0.363897 
I 0.576083 0.276857 0.301084 0.226046 0.625175 0.249297 0.292835 0.450208 0.360015 0.653204 0.634152 0.281513 0.581140 0.584611 0.382081 0.351263 0.493992 0.482303 0.498511 0.645344 
L 0.557739 0.319696 0.336698 0.242184 0.627435 0.218343 0.305465 0.485222 0.412207 0.656419 0.632072 0.239001 0.562755 0.610147 0.343882 0.372862 0.491633 0.501466 0.509214 0.650660 
K 0.309259 0.010183 0.202898 0.301933 0.335232 0.230709 0.233605 0.247978 0.362401 0.269129 0.343038 0.085246 0.287914 0.396887 0.208692 0.232564 0.291656 0.414220 0.371272 0.303513 
M 0.517332 0.318709 0.381667 0.239017 0.662567 0.237082 0.373012 0.411863 0.392679 0.563538 0.529372 0.226584 0.524391 0.579048 0.463017 0.386620 0.519845 0.545986 0.521290 0.553760 
F 0.541606 0.326647 0.388533 0.257883 0.659358 0.230170 0.339565 0.491515 0.435793 0.577641 0.575006 0.314751 0.553724 0.604201 0.379165 0.438346 0.405477 0.451298 0.538799 0.575411 
P 0.416431 0.260183 0.294399 0.224330 0.430014 0.204851 0.278430 0.405090 0.394036 0.453868 0.435821 0.234466 0.453446 0.542209 0.417184 0.377153 0.336824 0.400667 0.405656 0.432180 
S 0.419538 0.229989 0.341242 0.223592 0.426991 0.238754 0.266749 0.429041 0.446124 0.440157 0.387736 0.197122 0.421281 0.378556 0.308175 0.373803 0.430395 0.425993 0.337438 0.423867 
T 0.404662 0.213141 0.355698 0.220545 0.469262 0.168811 0.257866 0.367643 0.352736 0.413482 0.406108 0.242763 0.418923 0.364659 0.353700 0.386984 0.387825 0.371598 0.350332 0.436527 
W 0.410292 0.285505 0.120543 0.271728 0.649062 0.208112 0.277090 0.475767 0.368531 0.523850 0.467986 0.109446 0.509362 0.522200 0.265199 0.440186 0.454816 0.469485 0.276470 0.499391 
Y 0.480377 0.309114 0.374736 0.271723 0.625355 0.267142 0.255156 0.450255 0.457956 0.564235 0.550438 0.325510 0.527968 0.540156 0.341619 0.364192 0.385151 0.457317 0.460720 0.578139 
V 0.551431 0.291961 0.346065 0.196838 0.620484 0.204153 0.287278 0.411349 0.398673 0.636297 0.613667 0.290918 0.562597 0.549258 0.324706 0.373223 0.469227 0.476875 0.477154 0.613687 
Secondary structure: E2E
  A        R        N        D        C        E        Q        G        H        I        L        K        M        F        P        S        T        W        Y        V        
A 0.478440 0.383799 0.401865 0.359732 0.513220 0.389166 0.347242 0.448238 0.422579 0.532726 0.523259 0.359053 0.490670 0.511041 0.349899 0.374672 0.420555 0.454865 0.429745 0.505732 
R 0.364981 0.297343 0.313576 0.423634 0.403313 0.494094 0.365229 0.356734 0.347378 0.380827 0.379817 0.253627 0.392480 0.389708 0.306413 0.326924 0.342176 0.346013 0.368568 0.382313 
N 0.341733 0.319759 0.405613 0.357582 0.439050 0.327088 0.378970 0.409101 0.389679 0.364697 0.342919 0.324808 0.335518 0.370658 0.345182 0.393332 0.375268 0.378559 0.325013 0.372610 
D 0.343951 0.421990 0.329262 0.264351 0.398379 0.284631 0.341070 0.364789 0.422936 0.377136 0.330084 0.364568 0.316058 0.330466 0.304348 0.363714 0.351050 0.262411 0.307674 0.355927 
C 0.493495 0.400447 0.391037 0.359773 0.669275 0.351250 0.411066 0.440246 0.495124 0.538094 0.522543 0.362387 0.559973 0.499386 0.423556 0.437758 0.398457 0.503419 0.493154 0.506041 
E 0.364813 0.458955 0.346625 0.252877 0.390058 0.265046 0.315882 0.363719 0.423768 0.379354 0.348679 0.460770 0.373828 0.369179 0.292356 0.324916 0.374679 0.342111 0.346132 0.376740 
Q 0.341260 0.369808 0.315794 0.282630 0.389976 0.282930 0.372063 0.351743 0.352457 0.367372 0.349787 0.347451 0.387183 0.343704 0.309914 0.324138 0.357569 0.325173 0.337604 0.373110 
G 0.436293 0.359144 0.412446 0.366339 0.453517 0.386084 0.357979 0.437133 0.418532 0.458598 0.441971 0.344916 0.449076 0.450224 0.425756 0.392153 0.388641 0.410697 0.406016 0.452448 
H 0.411004 0.364254 0.316646 0.402777 0.512170 0.417158 0.368127 0.393656 0.512894 0.430866 0.412331 0.296273 0.402686 0.425741 0.368084 0.434512 0.435525 0.406031 0.367939 0.422868 
I 0.498280 0.384850 0.373589 0.315980 0.522288 0.401850 0.374099 0.420580 0.437254 0.582058 0.547050 0.395693 0.523106 0.515454 0.328189 0.372451 0.425644 0.460993 0.470503 0.559607 
L 0.501833 0.395525 0.354235 0.325446 0.519705 0.387294 0.405134 0.424635 0.422110 0.562632 0.551054 0.366315 0.490305 0.511959 0.337219 0.380019 0.414919 0.477057 0.474722 0.548422 
K 0.340490 0.242626 0.306459 0.425355 0.386773 0.503230 0.323988 0.318155 0.318000 0.354098 0.350691 0.250479 0.345693 0.362985 0.255919 0.330490 0.367411 0.346855 0.378213 0.378117 
M 0.485793 0.410048 0.283323 0.350323 0.507517 0.356545 0.395242 0.414008 0.433016 0.532878 0.506781 0.335296 0.506006 0.511434 0.436563 0.425390 0.413803 0.464718 0.468264 0.503014 
F 0.473813 0.386183 0.352575 0.324081 0.539472 0.359251 0.369347 0.466692 0.411674 0.512963 0.507390 0.371614 0.506740 0.523254 0.381164 0.396058 0.384570 0.461204 0.456676 0.502492 
P 0.317577 0.271787 0.260029 0.244164 0.398462 0.255819 0.272055 0.367094 0.297746 0.295979 0.340889 0.264109 0.348909 0.343528 0.313420 0.299779 0.263996 0.333585 0.323771 0.296618 
S 0.376614 0.344589 0.420604 0.349530 0.453930 0.365459 0.377568 0.383616 0.418375 0.394565 0.386691 0.319281 0.413885 0.414154 0.289966 0.387234 0.379222 0.383295 0.369290 0.411643 
T 0.397646 0.368205 0.387846 0.337210 0.443291 0.404610 0.377380 0.364255 0.415731 0.429760 0.413978 0.379340 0.390861 0.401132 0.318256 0.347802 0.401339 0.359947 0.374182 0.429072 
W 0.417626 0.423134 0.371812 0.342018 0.498421 0.347213 0.370404 0.419153 0.403178 0.469348 0.469631 0.345471 0.482056 0.454455 0.397522 0.383110 0.345696 0.410244 0.407364 0.448807 
Y 0.457968 0.409826 0.309060 0.326506 0.512016 0.377473 0.370594 0.421384 0.409973 0.504807 0.486768 0.404175 0.460923 0.466715 0.409207 0.330374 0.374429 0.422617 0.423495 0.472342 
V 0.491233 0.393822 0.331653 0.338869 0.515923 0.394963 0.384760 0.403341 0.426763 0.563934 0.536536 0.378164 0.489403 0.504824 0.342970 0.380031 0.432592 0.441389 0.457695 0.545898 
Secondary structure: E2C
  A        R        N        D        C        E        Q        G        H        I        L        K        M        F        P        S        T        W        Y        V        
A 0.494649 0.374083 0.401506 0.349299 0.571349 0.351153 0.363166 0.421535 0.376146 0.607219 0.554806 0.365214 0.504321 0.525424 0.430803 0.426306 0.400319 0.527829 0.493901 0.552584 
R 0.447861 0.376735 0.383079 0.463320 0.605997 0.431909 0.341691 0.406135 0.387225 0.511620 0.494783 0.366466 0.454016 0.492073 0.425109 0.396547 0.412493 0.528635 0.480566 0.502298 
N 0.456210 0.376474 0.441055 0.399436 0.574168 0.357028 0.371676 0.443678 0.441721 0.478980 0.451052 0.384677 0.508036 0.484232 0.418828 0.451406 0.393705 0.478478 0.442754 0.477793 
D 0.417611 0.455309 0.387492 0.340248 0.491738 0.261477 0.305175 0.411253 0.472721 0.388578 0.362780 0.413909 0.376976 0.416452 0.359883 0.423349 0.429961 0.452892 0.407066 0.413273 
C 0.547558 0.393201 0.374843 0.416678 0.782028 0.364169 0.331179 0.473668 0.435366 0.524447 0.587963 0.388416 0.455266 0.546799 0.531040 0.432068 0.374966 0.534739 0.525215 0.570047 
E 0.359317 0.388211 0.375907 0.241677 0.491835 0.240501 0.377442 0.359360 0.403940 0.451572 0.375909 0.408003 0.379315 0.422727 0.360577 0.387528 0.435955 0.427779 0.386684 0.424095 
Q 0.451646 0.312894 0.391010 0.370529 0.469209 0.326810 0.341573 0.386089 0.419002 0.533352 0.451108 0.361753 0.405879 0.463324 0.425006 0.431511 0.400650 0.525090 0.434808 0.482745 
G 0.478404 0.370316 0.388501 0.398792 0.570204 0.359231 0.377944 0.460341 0.502904 0.546486 0.539159 0.368163 0.536802 0.525723 0.447583 0.422661 0.455552 0.499590 0.468019 0.509029 
H 0.505406 0.396121 0.397785 0.408273 0.572748 0.417794 0.342423 0.414878 0.468260 0.512263 0.506444 0.330019 0.499473 0.526011 0.448743 0.421124 0.416037 0.492857 0.518697 0.487247 
I 0.484149 0.327253 0.326097 0.346063 0.510392 0.242073 0.326017 0.350099 0.406977 0.587367 0.547479 0.285199 0.485864 0.497691 0.427831 0.370446 0.400017 0.444730 0.447316 0.567900 
L 0.480677 0.341979 0.337970 0.303097 0.547567 0.281038 0.328785 0.375760 0.388502 0.580157 0.563629 0.335064 0.481966 0.538332 0.453988 0.365024 0.386261 0.554147 0.539705 0.583970 
K 0.464480 0.353809 0.360913 0.477795 0.521033 0.485752 0.371602 0.426232 0.383736 0.511346 0.468971 0.325633 0.424591 0.471044 0.377183 0.406478 0.411322 0.462785 0.436375 0.489250 
M 0.492870 0.415842 0.331018 0.342217 0.587808 0.331064 0.394867 0.343662 0.461944 0.580876 0.501974 0.360438 0.552753 0.522037 0.471758 0.376111 0.398255 0.547191 0.394726 0.484642 
F 0.474683 0.380979 0.341564 0.310631 0.524602 0.289276 0.337615 0.354874 0.389016 0.564756 0.547130 0.350864 0.493776 0.548584 0.446863 0.410253 0.403371 0.482954 0.454223 0.520204 
P 0.459937 0.339575 0.352632 0.386357 0.454183 0.370695 0.409080 0.410736 0.474689 0.503609 0.480329 0.340597 0.514056 0.505062 0.426249 0.460155 0.358358 0.438045 0.546993 0.471421 
S 0.467162 0.421298 0.403390 0.367697 0.439089 0.407099 0.402254 0.442253 0.490963 0.477843 0.475068 0.351340 0.428270 0.496700 0.421359 0.441211 0.422733 0.507040 0.425261 0.493222 
T 0.440665 0.397430 0.396746 0.375676 0.514212 0.358819 0.396368 0.412091 0.455552 0.540947 0.472093 0.378588 0.477260 0.446071 0.426527 0.378356 0.380082 0.442279 0.411315 0.519861 
W 0.478713 0.430037 0.387807 0.350801 0.570654 0.324550 0.287480 0.393906 0.487126 0.498988 0.521742 0.356604 0.419717 0.507762 0.467205 0.387285 0.334101 0.525735 0.462565 0.531389 
Y 0.493997 0.424240 0.342712 0.365530 0.488176 0.333768 0.400803 0.411629 0.432760 0.569565 0.545639 0.373558 0.492901 0.529672 0.479543 0.385381 0.399308 0.498205 0.461990 0.546767 
V 0.507448 0.347332 0.327815 0.349196 0.550284 0.319675 0.315332 0.376479 0.398250 0.588256 0.570443 0.364498 0.518787 0.523484 0.430642 0.367132 0.416452 0.435442 0.479019 0.563272 
Secondary structure: C2H
  A        R        N        D        C        E        Q        G        H        I        L        K        M        F        P        S        T        W        Y        V        
A 0.495870 0.398619 0.483570 0.344704 0.528904 0.359369 0.442844 0.488624 0.469811 0.481002 0.455938 0.353801 0.486259 0.493550 0.464170 0.490321 0.478444 0.487266 0.486340 0.478278 
R 0.364382 0.311914 0.420232 0.414822 0.404339 0.359569 0.323512 0.336839 0.430801 0.343206 0.330963 0.145692 0.365193 0.319394 0.394179 0.413465 0.365220 0.434486 0.400784 0.313925 
N 0.370836 0.350574 0.440282 0.353926 0.478011 0.312142 0.362476 0.414335 0.424397 0.341201 0.327332 0.290325 0.357409 0.354306 0.415670 0.438245 0.428708 0.420584 0.413869 0.369227 
D 0.344836 0.411384 0.368255 0.287923 0.371454 0.192062 0.293856 0.385059 0.416841 0.255210 0.285938 0.362417 0.273510 0.282467 0.386368 0.394551 0.365323 0.318609 0.325703 0.305122 
C 0.543219 0.443635 0.517457 0.382999 1.000000 0.298897 0.527618 0.558961 0.641943 0.590469 0.562480 0.448403 0.585292 0.582913 0.593074 0.511609 0.519114 0.585409 0.611578 0.583357 
E 0.308373 0.387882 0.374932 0.182978 0.341938 0.135211 0.229570 0.345763 0.409531 0.227086 0.261778 0.396069 0.234070 0.252353 0.358990 0.375026 0.389769 0.339828 0.324486 0.245765 
Q 0.347892 0.301200 0.418711 0.257789 0.253768 0.236915 0.343970 0.339403 0.347266 0.298208 0.310873 0.297685 0.408493 0.295720 0.406199 0.403424 0.378709 0.372842 0.297365 0.306381 
G 0.463328 0.439955 0.505346 0.361694 0.531825 0.295594 0.410791 0.486696 0.474157 0.388183 0.393018 0.400084 0.416834 0.421835 0.459155 0.474343 0.463548 0.441905 0.445758 0.444921 
H 0.442320 0.389420 0.433763 0.470079 0.600213 0.396342 0.416177 0.503660 0.462523 0.393743 0.416943 0.209174 0.441221 0.439831 0.496632 0.451044 0.477477 0.445822 0.457725 0.468091 
I 0.539157 0.469635 0.504100 0.386758 0.571270 0.406834 0.506645 0.486646 0.542232 0.612585 0.599095 0.431362 0.563129 0.537435 0.506789 0.494530 0.547149 0.531756 0.581557 0.609969 
L 0.556468 0.507849 0.497371 0.395271 0.629676 0.400178 0.495902 0.541671 0.551447 0.617187 0.625545 0.464137 0.585752 0.560960 0.509934 0.481845 0.521037 0.564278 0.569116 0.616592 
K 0.308790 0.239387 0.365926 0.410369 0.300741 0.338045 0.332977 0.305526 0.284858 0.255483 0.263040 0.190924 0.309533 0.310310 0.366332 0.370240 0.357011 0.330115 0.358275 0.291493 
M 0.491156 0.484886 0.516342 0.411171 0.531028 0.401544 0.454047 0.493959 0.494113 0.530050 0.530791 0.413515 0.493652 0.548913 0.531458 0.503952 0.498699 0.389616 0.534469 0.518123 
F 0.534181 0.518380 0.553217 0.451040 0.639991 0.430478 0.475424 0.531641 0.502989 0.557195 0.555977 0.462280 0.589109 0.590326 0.524343 0.533904 0.511756 0.578373 0.567835 0.544852 
P 0.439482 0.398780 0.434960 0.391742 0.517826 0.361581 0.430493 0.438675 0.499734 0.454575 0.463257 0.333511 0.464443 0.479508 0.400202 0.457382 0.464802 0.558132 0.547052 0.463458 
S 0.407698 0.360641 0.436721 0.421866 0.498704 0.354286 0.402577 0.468172 0.501153 0.367424 0.344805 0.333662 0.381859 0.371184 0.444642 0.421540 0.429507 0.398014 0.392948 0.381889 
T 0.424315 0.384104 0.440324 0.404241 0.436300 0.346910 0.410579 0.450834 0.479715 0.412622 0.408486 0.324280 0.405307 0.427130 0.405881 0.433971 0.453646 0.392037 0.414854 0.437459 
W 0.430236 0.439450 0.494746 0.414328 0.601777 0.426014 0.473986 0.522784 0.448357 0.469612 0.497339 0.357059 0.538337 0.514159 0.487735 0.478381 0.514434 0.489502 0.519197 0.517176 
Y 0.505441 0.457645 0.530228 0.428548 0.584444 0.370007 0.498518 0.502700 0.488551 0.510788 0.506179 0.391843 0.538842 0.551130 0.509095 0.456555 0.505021 0.512298 0.530381 0.520211 
V 0.505893 0.433516 0.510501 0.361542 0.613822 0.362363 0.484038 0.487969 0.503033 0.580758 0.557348 0.394008 0.517370 0.518849 0.469561 0.478008 0.520202 0.450608 0.577348 0.556810 
Secondary structure: C2E
  A        R        N        D        C        E        Q        G        H        I        L        K        M        F        P        S        T        W        Y        V        
A 0.495785 0.441787 0.451634 0.461208 0.528358 0.427467 0.439325 0.473775 0.476300 0.466147 0.482052 0.402942 0.432830 0.468563 0.451797 0.465668 0.452177 0.519023 0.481488 0.474599 
R 0.391394 0.358170 0.415097 0.451614 0.514736 0.428533 0.392701 0.372606 0.380472 0.335328 0.357234 0.296820 0.290593 0.360092 0.419408 0.389288 0.385490 0.423892 0.427712 0.358443 
N 0.363663 0.369062 0.458526 0.429434 0.416451 0.361346 0.400705 0.378037 0.322626 0.305477 0.353777 0.370277 0.347269 0.347301 0.475377 0.373282 0.410621 0.396170 0.378069 0.337987 
D 0.338455 0.433640 0.445847 0.397915 0.408084 0.296954 0.350856 0.363502 0.427070 0.306269 0.306285 0.440185 0.297681 0.311991 0.389566 0.385423 0.369512 0.294092 0.302771 0.313509 
C 0.598096 0.566768 0.555268 0.562825 0.896233 0.523755 0.478910 0.608779 0.497810 0.568938 0.526568 0.521615 0.605098 0.601923 0.568468 0.545028 0.531127 0.607051 0.573153 0.545542 
E 0.314303 0.435202 0.410412 0.255626 0.405246 0.295336 0.376432 0.359674 0.396954 0.299542 0.247503 0.425597 0.251620 0.264144 0.390110 0.361472 0.375110 0.374198 0.346989 0.295378 
Q 0.324240 0.391570 0.435167 0.299072 0.494694 0.359606 0.418704 0.402501 0.406356 0.305473 0.309599 0.328295 0.289993 0.303958 0.440115 0.384700 0.383291 0.453971 0.345643 0.334071 
G 0.444150 0.434461 0.495498 0.454547 0.542275 0.406505 0.408307 0.485543 0.452872 0.379148 0.353436 0.397446 0.378796 0.395742 0.476264 0.462398 0.433983 0.433706 0.405258 0.379653 
H 0.475158 0.406977 0.466167 0.543502 0.527390 0.387020 0.403753 0.499944 0.544464 0.381026 0.370564 0.414890 0.444099 0.425103 0.387289 0.440158 0.436315 0.442292 0.420616 0.377993 
I 0.553734 0.473803 0.489741 0.442450 0.558944 0.452010 0.452734 0.497592 0.497680 0.559315 0.560435 0.438086 0.500771 0.530823 0.520063 0.495517 0.487396 0.518620 0.543443 0.556092 
L 0.548841 0.453644 0.457863 0.374535 0.572291 0.408658 0.494907 0.506369 0.453018 0.558295 0.556696 0.426447 0.503068 0.538548 0.522815 0.476165 0.490417 0.514278 0.526417 0.549327 
K 0.385241 0.280772 0.415025 0.447409 0.378599 0.461883 0.377455 0.338647 0.277857 0.352946 0.298958 0.347395 0.334676 0.342913 0.389710 0.356955 0.373985 0.312537 0.308603 0.338003 
M 0.546959 0.467691 0.556515 0.540318 0.526954 0.567058 0.455563 0.534161 0.534430 0.529749 0.527449 0.486407 0.521208 0.503138 0.525821 0.477572 0.508713 0.568665 0.538632 0.525557 
F 0.569139 0.441834 0.500282 0.464002 0.596275 0.411700 0.447710 0.541031 0.499800 0.520346 0.520094 0.444848 0.566367 0.521404 0.589678 0.518109 0.484086 0.528776 0.486150 0.506071 
P 0.435604 0.437866 0.456344 0.446903 0.507988 0.383986 0.412680 0.456683 0.448142 0.443784 0.429256 0.381879 0.423923 0.446338 0.439262 0.438488 0.442917 0.527895 0.489815 0.427390 
S 0.407063 0.421167 0.479150 0.434584 0.471893 0.380465 0.405239 0.455686 0.419460 0.372007 0.350280 0.372898 0.375532 0.391967 0.413400 0.436295 0.404380 0.419781 0.400348 0.367019 
T 0.436700 0.436505 0.466815 0.446493 0.482147 0.414624 0.423367 0.434525 0.416751 0.417827 0.411995 0.383830 0.379298 0.422120 0.492279 0.425126 0.417197 0.444911 0.418782 0.418204 
W 0.525200 0.564996 0.485433 0.373798 0.626338 0.370265 0.479384 0.467718 0.445052 0.490133 0.477216 0.459668 0.557106 0.537069 0.547214 0.482287 0.407134 0.565272 0.504011 0.495719 
Y 0.471178 0.378841 0.454526 0.480177 0.621570 0.396576 0.475753 0.491964 0.509165 0.464818 0.474304 0.408846 0.403776 0.480703 0.526911 0.444808 0.393979 0.491033 0.439153 0.440692 
V 0.499187 0.443556 0.507909 0.401996 0.585536 0.373569 0.461943 0.486796 0.501825 0.535661 0.514540 0.454216 0.487321 0.520644 0.482043 0.470621 0.484174 0.498606 0.521011 0.528648 
Secondary structure: C2C
  A        R        N        D        C        E        Q        G        H        I        L        K        M        F        P        S        T        W        Y        V        
A 0.485834 0.430043 0.434660 0.407047 0.517918 0.368207 0.417808 0.464803 0.459174 0.459775 0.470881 0.391669 0.498946 0.471672 0.454696 0.450317 0.432845 0.487857 0.487194 0.458378 
R 0.431476 0.374660 0.429754 0.456945 0.539926 0.430327 0.424319 0.418116 0.467149 0.460877 0.415852 0.333051 0.467289 0.429398 0.412890 0.426083 0.418303 0.510325 0.493821 0.411751 
N 0.434684 0.435676 0.475385 0.426894 0.494102 0.370791 0.390078 0.443846 0.452043 0.408954 0.395758 0.407634 0.426426 0.445355 0.423806 0.400623 0.442992 0.477170 0.446057 0.426057 
D 0.394766 0.423282 0.413931 0.320065 0.455371 0.251782 0.351717 0.400561 0.466446 0.372337 0.327938 0.445782 0.395061 0.383335 0.379349 0.412039 0.386496 0.406172 0.405124 0.350037 
C 0.564258 0.506755 0.499805 0.444418 0.954938 0.417292 0.469511 0.537445 0.598526 0.560179 0.511383 0.454387 0.602695 0.544551 0.535361 0.499479 0.521013 0.561148 0.543317 0.538523 
E 0.360482 0.404645 0.384710 0.273548 0.418921 0.233534 0.341018 0.347220 0.397101 0.313363 0.336525 0.425362 0.289065 0.319472 0.370350 0.386551 0.379550 0.399820 0.365599 0.351132 
Q 0.433274 0.401905 0.415397 0.391628 0.482644 0.322836 0.407073 0.411450 0.431950 0.412939 0.435273 0.354123 0.445276 0.381932 0.416846 0.417971 0.428642 0.461648 0.461925 0.388068 
G 0.484609 0.445365 0.468053 0.418437 0.540689 0.380815 0.424752 0.471726 0.506535 0.442999 0.417478 0.401802 0.436352 0.445982 0.450469 0.474082 0.463324 0.501617 0.460646 0.473336 
H 0.491836 0.449490 0.446404 0.471411 0.578665 0.438684 0.430918 0.487307 0.575061 0.471331 0.501298 0.387996 0.561504 0.505574 0.433994 0.475390 0.482148 0.577524 0.512844 0.468803 
I 0.458120 0.422430 0.412008 0.364107 0.550349 0.332788 0.439092 0.416636 0.484398 0.544332 0.524776 0.371204 0.455048 0.492090 0.462762 0.417062 0.444560 0.538799 0.477368 0.539410 
L 0.447743 0.403857 0.422046 0.335819 0.495370 0.323014 0.372345 0.398231 0.434158 0.528436 0.515873 0.363139 0.464686 0.477225 0.433256 0.388364 0.413301 0.518433 0.479612 0.482278 
K 0.406540 0.321972 0.389483 0.471051 0.427727 0.424128 0.388949 0.413809 0.395999 0.404331 0.388142 0.307210 0.347333 0.425286 0.376009 0.386932 0.371956 0.446388 0.445058 0.412036 
M 0.481875 0.451101 0.479546 0.450086 0.540867 0.416626 0.455207 0.433059 0.483374 0.538214 0.508233 0.413932 0.473486 0.508546 0.478741 0.444338 0.456238 0.583112 0.473410 0.512428 
F 0.474220 0.478709 0.446387 0.383725 0.563182 0.330862 0.421782 0.432605 0.482432 0.491821 0.488583 0.377782 0.466106 0.516852 0.477790 0.422993 0.448622 0.529640 0.487247 0.495178 
P 0.443925 0.404913 0.418373 0.393851 0.465224 0.380812 0.434448 0.438503 0.456446 0.457456 0.444786 0.369276 0.468006 0.479741 0.448820 0.431514 0.417457 0.533886 0.497252 0.443873 
S 0.440949 0.406542 0.423859 0.418902 0.478264 0.386315 0.385507 0.450726 0.485369 0.435761 0.411486 0.389002 0.439001 0.421673 0.434407 0.451514 0.427960 0.498027 0.430696 0.430285 
T 0.466523 0.402864 0.430607 0.418523 0.499343 0.384205 0.401330 0.435503 0.465015 0.461320 0.429126 0.382183 0.416162 0.449441 0.436935 0.452799 0.430204 0.473221 0.444162 0.426796 
W 0.433726 0.451905 0.470096 0.377740 0.584855 0.312827 0.453581 0.430152 0.479024 0.464861 0.426028 0.375709 0.383592 0.437029 0.515173 0.465320 0.361500 0.515474 0.511746 0.522841 
Y 0.462849 0.465493 0.435638 0.353889 0.566576 0.345791 0.420139 0.428760 0.499036 0.498510 0.490262 0.413028 0.487154 0.515940 0.492254 0.421164 0.425205 0.508802 0.531780 0.474628 
V 0.457085 0.396378 0.428717 0.363691 0.535297 0.308158 0.398805 0.425054 0.462240 0.532982 0.503404 0.350909 0.482067 0.434413 0.451331 0.419987 0.438377 0.513858 0.468166 0.479741 
